-10	2.96846
-9.9875	2.90659
-9.975	2.84554
-9.9625	2.78532
-9.95	2.72593
-9.9375	2.66739
-9.925	2.60971
-9.9125	2.5529
-9.9	2.49695
-9.8875	2.44189
-9.875	2.3877
-9.8625	2.3344
-9.85	2.28199
-9.8375	2.23046
-9.825	2.17983
-9.8125	2.13008
-9.8	2.08123
-9.7875	2.03326
-9.775	1.98618
-9.7625	1.93998
-9.75	1.89466
-9.7375	1.85021
-9.725	1.80663
-9.7125	1.76392
-9.7	1.72206
-9.6875	1.68105
-9.675	1.64089
-9.6625	1.60156
-9.65	1.56306
-9.6375	1.52538
-9.625	1.48851
-9.6125	1.45244
-9.6	1.41716
-9.5875	1.38266
-9.575	1.34893
-9.5625	1.31597
-9.55	1.28376
-9.5375	1.25228
-9.525	1.22154
-9.5125	1.19151
-9.5	1.16219
-9.4875	1.13356
-9.475	1.10562
-9.4625	1.07834
-9.45	1.05173
-9.4375	1.02577
-9.425	1.00044
-9.4125	0.975744
-9.4	0.951657
-9.3875	0.928172
-9.375	0.905277
-9.3625	0.88296
-9.35	0.86121
-9.3375	0.840016
-9.325	0.819366
-9.3125	0.799248
-9.3	0.779651
-9.2875	0.760564
-9.275	0.741977
-9.2625	0.723877
-9.25	0.706255
-9.2375	0.689099
-9.225	0.672399
-9.2125	0.656144
-9.2	0.640325
-9.1875	0.62493
-9.175	0.60995
-9.1625	0.595376
-9.15	0.581196
-9.1375	0.567403
-9.125	0.553986
-9.1125	0.540936
-9.1	0.528244
-9.0875	0.515902
-9.075	0.503899
-9.0625	0.492229
-9.05	0.480883
-9.0375	0.469851
-9.025	0.459127
-9.0125	0.448703
-9	0.43857
-8.9875	0.42872
-8.975	0.419148
-8.9625	0.409845
-8.95	0.400804
-8.9375	0.392019
-8.925	0.383482
-8.9125	0.375188
-8.9	0.367129
-8.8875	0.3593
-8.875	0.351693
-8.8625	0.344304
-8.85	0.337127
-8.8375	0.330155
-8.825	0.323383
-8.8125	0.316806
-8.8	0.310418
-8.7875	0.304215
-8.775	0.298192
-8.7625	0.292342
-8.75	0.286663
-8.7375	0.281149
-8.725	0.275795
-8.7125	0.270598
-8.7	0.265554
-8.6875	0.260657
-8.675	0.255904
-8.6625	0.251292
-8.65	0.246815
-8.6375	0.242472
-8.625	0.238258
-8.6125	0.234169
-8.6	0.230203
-8.5875	0.226356
-8.575	0.222625
-8.5625	0.219007
-8.55	0.215498
-8.5375	0.212097
-8.525	0.2088
-8.5125	0.205605
-8.5	0.202508
-8.4875	0.199508
-8.475	0.196602
-8.4625	0.193788
-8.45	0.191063
-8.4375	0.188424
-8.425	0.185871
-8.4125	0.183401
-8.4	0.181011
-8.3875	0.1787
-8.375	0.176466
-8.3625	0.174308
-8.35	0.172222
-8.3375	0.170209
-8.325	0.168265
-8.3125	0.16639
-8.3	0.164582
-8.2875	0.16284
-8.275	0.161162
-8.2625	0.159546
-8.25	0.157992
-8.2375	0.156499
-8.225	0.155064
-8.2125	0.153687
-8.2	0.152367
-8.1875	0.151103
-8.175	0.149894
-8.1625	0.148738
-8.15	0.147635
-8.1375	0.146584
-8.125	0.145585
-8.1125	0.144635
-8.1	0.143736
-8.0875	0.142885
-8.075	0.142082
-8.0625	0.141327
-8.05	0.140619
-8.0375	0.139958
-8.025	0.139342
-8.0125	0.138772
-8	0.138247
-7.9875	0.137766
-7.975	0.137329
-7.9625	0.136937
-7.95	0.136588
-7.9375	0.136282
-7.925	0.136019
-7.9125	0.135799
-7.9	0.135622
-7.8875	0.135487
-7.875	0.135395
-7.8625	0.135345
-7.85	0.135337
-7.8375	0.135372
-7.825	0.135449
-7.8125	0.135568
-7.8	0.13573
-7.7875	0.135935
-7.775	0.136182
-7.7625	0.136472
-7.75	0.136805
-7.7375	0.137182
-7.725	0.137602
-7.7125	0.138067
-7.7	0.138576
-7.6875	0.13913
-7.675	0.139729
-7.6625	0.140374
-7.65	0.141065
-7.6375	0.141803
-7.625	0.142588
-7.6125	0.143421
-7.6	0.144303
-7.5875	0.145234
-7.575	0.146216
-7.5625	0.147248
-7.55	0.148332
-7.5375	0.149468
-7.525	0.150658
-7.5125	0.151902
-7.5	0.153202
-7.4875	0.154558
-7.475	0.155971
-7.4625	0.157443
-7.45	0.158975
-7.4375	0.160568
-7.425	0.162224
-7.4125	0.163943
-7.4	0.165727
-7.3875	0.167577
-7.375	0.169495
-7.3625	0.171483
-7.35	0.173542
-7.3375	0.175674
-7.325	0.177881
-7.3125	0.180163
-7.3	0.182524
-7.2875	0.184965
-7.275	0.187488
-7.2625	0.190095
-7.25	0.192788
-7.2375	0.19557
-7.225	0.198443
-7.2125	0.201408
-7.2	0.20447
-7.1875	0.207629
-7.175	0.210889
-7.1625	0.214252
-7.15	0.217721
-7.1375	0.221299
-7.125	0.224988
-7.1125	0.228793
-7.1	0.232716
-7.0875	0.236759
-7.075	0.240928
-7.0625	0.245224
-7.05	0.249651
-7.0375	0.254214
-7.025	0.258915
-7.0125	0.263759
-7	0.26875
-6.9875	0.273891
-6.975	0.279188
-6.9625	0.284643
-6.95	0.290262
-6.9375	0.296049
-6.925	0.302009
-6.9125	0.308146
-6.9	0.314466
-6.8875	0.320974
-6.875	0.327674
-6.8625	0.334573
-6.85	0.341675
-6.8375	0.348987
-6.825	0.356513
-6.8125	0.364261
-6.8	0.372236
-6.7875	0.380444
-6.775	0.388892
-6.7625	0.397587
-6.75	0.406534
-6.7375	0.415741
-6.725	0.425215
-6.7125	0.434962
-6.7	0.444992
-6.6875	0.45531
-6.675	0.465924
-6.6625	0.476843
-6.65	0.488074
-6.6375	0.499626
-6.625	0.511507
-6.6125	0.523725
-6.6	0.536289
-6.5875	0.549208
-6.575	0.56249
-6.5625	0.576146
-6.55	0.590184
-6.5375	0.604614
-6.525	0.619446
-6.5125	0.634689
-6.5	0.650353
-6.4875	0.666449
-6.475	0.682986
-6.4625	0.699975
-6.45	0.717427
-6.4375	0.735352
-6.425	0.753761
-6.4125	0.772665
-6.4	0.792076
-6.3875	0.812003
-6.375	0.832459
-6.3625	0.853454
-6.35	0.875001
-6.3375	0.897111
-6.325	0.919794
-6.3125	0.943064
-6.3	0.966931
-6.2875	0.991408
-6.275	1.01651
-6.2625	1.04224
-6.25	1.06861
-6.2375	1.09564
-6.225	1.12334
-6.2125	1.15172
-6.2	1.18078
-6.1875	1.21055
-6.175	1.24104
-6.1625	1.27225
-6.15	1.30419
-6.1375	1.33688
-6.125	1.37033
-6.1125	1.40455
-6.1	1.43954
-6.0875	1.47532
-6.075	1.5119
-6.0625	1.54929
-6.05	1.58749
-6.0375	1.62652
-6.025	1.66638
-6.0125	1.70708
-6	1.74863
-5.9875	1.79103
-5.975	1.83429
-5.9625	1.87843
-5.95	1.92343
-5.9375	1.96931
-5.925	2.01607
-5.9125	2.06372
-5.9	2.11225
-5.8875	2.16167
-5.875	2.21198
-5.8625	2.26318
-5.85	2.31527
-5.8375	2.36825
-5.825	2.42212
-5.8125	2.47687
-5.8	2.53249
-5.7875	2.58899
-5.775	2.64636
-5.7625	2.70459
-5.75	2.76367
-5.7375	2.82359
-5.725	2.88434
-5.7125	2.94591
-5.7	3.00829
-5.6875	3.07146
-5.675	3.1354
-5.6625	3.20011
-5.65	3.26556
-5.6375	3.33173
-5.625	3.3986
-5.6125	3.46616
-5.6	3.53436
-5.5875	3.6032
-5.575	3.67265
-5.5625	3.74267
-5.55	3.81324
-5.5375	3.88433
-5.525	3.95591
-5.5125	4.02794
-5.5	4.10038
-5.4875	4.17321
-5.475	4.24639
-5.4625	4.31987
-5.45	4.39362
-5.4375	4.4676
-5.425	4.54176
-5.4125	4.61606
-5.4	4.69045
-5.3875	4.76489
-5.375	4.83934
-5.3625	4.91373
-5.35	4.98803
-5.3375	5.06218
-5.325	5.13613
-5.3125	5.20982
-5.3	5.28322
-5.2875	5.35625
-5.275	5.42887
-5.2625	5.50102
-5.25	5.57264
-5.2375	5.64368
-5.225	5.71408
-5.2125	5.78379
-5.2	5.85274
-5.1875	5.92087
-5.175	5.98814
-5.1625	6.05447
-5.15	6.11982
-5.1375	6.18413
-5.125	6.24733
-5.1125	6.30937
-5.1	6.37019
-5.0875	6.42974
-5.075	6.48796
-5.0625	6.54479
-5.05	6.60018
-5.0375	6.65408
-5.025	6.70644
-5.0125	6.75719
-5	6.8063
-4.9875	6.85371
-4.975	6.89938
-4.9625	6.94325
-4.95	6.98529
-4.9375	7.02545
-4.925	7.06368
-4.9125	7.09996
-4.9	7.13424
-4.8875	7.16648
-4.875	7.19665
-4.8625	7.22472
-4.85	7.25066
-4.8375	7.27445
-4.825	7.29604
-4.8125	7.31543
-4.8	7.33259
-4.7875	7.34751
-4.775	7.36016
-4.7625	7.37053
-4.75	7.37861
-4.7375	7.3844
-4.725	7.38788
-4.7125	7.38906
-4.7	7.38792
-4.6875	7.38448
-4.675	7.37874
-4.6625	7.37069
-4.65	7.36036
-4.6375	7.34775
-4.625	7.33288
-4.6125	7.31576
-4.6	7.29641
-4.5875	7.27485
-4.575	7.25111
-4.5625	7.2252
-4.55	7.19717
-4.5375	7.16703
-4.525	7.13483
-4.5125	7.10059
-4.5	7.06434
-4.4875	7.02614
-4.475	6.98602
-4.4625	6.94401
-4.45	6.90017
-4.4375	6.85454
-4.425	6.80716
-4.4125	6.75808
-4.4	6.70735
-4.3875	6.65503
-4.375	6.60115
-4.3625	6.54579
-4.35	6.48898
-4.3375	6.43078
-4.325	6.37126
-4.3125	6.31046
-4.3	6.24844
-4.2875	6.18526
-4.275	6.12098
-4.2625	6.05564
-4.25	5.98932
-4.2375	5.92208
-4.225	5.85395
-4.2125	5.78502
-4.2	5.71533
-4.1875	5.64494
-4.175	5.57391
-4.1625	5.50229
-4.15	5.43015
-4.1375	5.35754
-4.125	5.28452
-4.1125	5.21113
-4.1	5.13744
-4.0875	5.06349
-4.075	4.98934
-4.0625	4.91505
-4.05	4.84066
-4.0375	4.76622
-4.025	4.69177
-4.0125	4.61738
-4	4.54308
-3.9875	4.46892
-3.975	4.39494
-3.9625	4.32118
-3.95	4.24769
-3.9375	4.17451
-3.925	4.10167
-3.9125	4.02922
-3.9	3.95718
-3.8875	3.8856
-3.875	3.8145
-3.8625	3.74392
-3.85	3.67389
-3.8375	3.60443
-3.825	3.53558
-3.8125	3.46736
-3.8	3.3998
-3.7875	3.33291
-3.775	3.26673
-3.7625	3.20127
-3.75	3.13655
-3.7375	3.07259
-3.725	3.0094
-3.7125	2.94701
-3.7	2.88543
-3.6875	2.82466
-3.675	2.76472
-3.6625	2.70563
-3.65	2.64739
-3.6375	2.59
-3.625	2.53349
-3.6125	2.47785
-3.6	2.42308
-3.5875	2.3692
-3.575	2.31621
-3.5625	2.2641
-3.55	2.21288
-3.5375	2.16256
-3.525	2.11312
-3.5125	2.06457
-3.5	2.01691
-3.4875	1.97013
-3.475	1.92424
-3.4625	1.87922
-3.45	1.83507
-3.4375	1.79179
-3.425	1.74937
-3.4125	1.70781
-3.4	1.66709
-3.3875	1.62722
-3.375	1.58818
-3.3625	1.54996
-3.35	1.51256
-3.3375	1.47597
-3.325	1.44017
-3.3125	1.40516
-3.3	1.37093
-3.2875	1.33747
-3.275	1.30477
-3.2625	1.27281
-3.25	1.24159
-3.2375	1.21109
-3.225	1.18131
-3.2125	1.15223
-3.2	1.12384
-3.1875	1.09613
-3.175	1.06908
-3.1625	1.0427
-3.15	1.01696
-3.1375	0.991848
-3.125	0.967361
-3.1125	0.943483
-3.1	0.920203
-3.0875	0.897509
-3.075	0.875389
-3.0625	0.853832
-3.05	0.832827
-3.0375	0.812362
-3.025	0.792425
-3.0125	0.773006
-3	0.754093
-2.9875	0.735675
-2.975	0.717741
-2.9625	0.700281
-2.95	0.683284
-2.9375	0.666738
-2.925	0.650635
-2.9125	0.634963
-2.9	0.619713
-2.8875	0.604874
-2.875	0.590437
-2.8625	0.576392
-2.85	0.56273
-2.8375	0.54944
-2.825	0.536515
-2.8125	0.523945
-2.8	0.511721
-2.7875	0.499834
-2.775	0.488277
-2.7625	0.47704
-2.75	0.466115
-2.7375	0.455496
-2.725	0.445172
-2.7125	0.435138
-2.7	0.425385
-2.6875	0.415907
-2.675	0.406695
-2.6625	0.397743
-2.65	0.389045
-2.6375	0.380592
-2.625	0.37238
-2.6125	0.364401
-2.6	0.356649
-2.5875	0.349119
-2.575	0.341803
-2.5625	0.334697
-2.55	0.327795
-2.5375	0.321091
-2.525	0.31458
-2.5125	0.308257
-2.5	0.302116
-2.4875	0.296153
-2.475	0.290363
-2.4625	0.284741
-2.45	0.279283
-2.4375	0.273984
-2.425	0.26884
-2.4125	0.263847
-2.4	0.259
-2.3875	0.254296
-2.375	0.249731
-2.3625	0.245301
-2.35	0.241003
-2.3375	0.236832
-2.325	0.232786
-2.3125	0.228862
-2.3	0.225055
-2.2875	0.221363
-2.275	0.217783
-2.2625	0.214312
-2.25	0.210947
-2.2375	0.207686
-2.225	0.204525
-2.2125	0.201462
-2.2	0.198495
-2.1875	0.195621
-2.175	0.192837
-2.1625	0.190142
-2.15	0.187534
-2.1375	0.185009
-2.125	0.182567
-2.1125	0.180204
-2.1	0.17792
-2.0875	0.175713
-2.075	0.17358
-2.0625	0.171519
-2.05	0.16953
-2.0375	0.16761
-2.025	0.165759
-2.0125	0.163974
-2	0.162254
-1.9875	0.160597
-1.975	0.159003
-1.9625	0.15747
-1.95	0.155997
-1.9375	0.154582
-1.925	0.153225
-1.9125	0.151925
-1.9	0.15068
-1.8875	0.149489
-1.875	0.148351
-1.8625	0.147267
-1.85	0.146234
-1.8375	0.145251
-1.825	0.144319
-1.8125	0.143436
-1.8	0.142602
-1.7875	0.141816
-1.775	0.141078
-1.7625	0.140386
-1.75	0.13974
-1.7375	0.13914
-1.725	0.138585
-1.7125	0.138076
-1.7	0.13761
-1.6875	0.137189
-1.675	0.136811
-1.6625	0.136477
-1.65	0.136186
-1.6375	0.135939
-1.625	0.135733
-1.6125	0.135571
-1.6	0.135451
-1.5875	0.135373
-1.575	0.135338
-1.5625	0.135345
-1.55	0.135394
-1.5375	0.135485
-1.525	0.135619
-1.5125	0.135796
-1.5	0.136015
-1.4875	0.136277
-1.475	0.136582
-1.4625	0.13693
-1.45	0.137322
-1.4375	0.137758
-1.425	0.138238
-1.4125	0.138762
-1.4	0.139331
-1.3875	0.139946
-1.375	0.140607
-1.3625	0.141314
-1.35	0.142068
-1.3375	0.14287
-1.325	0.14372
-1.3125	0.144619
-1.3	0.145567
-1.2875	0.146566
-1.275	0.147616
-1.2625	0.148718
-1.25	0.149873
-1.2375	0.151081
-1.225	0.152344
-1.2125	0.153663
-1.2	0.155039
-1.1875	0.156473
-1.175	0.157965
-1.1625	0.159518
-1.15	0.161133
-1.1375	0.16281
-1.125	0.164551
-1.1125	0.166358
-1.1	0.168231
-1.0875	0.170174
-1.075	0.172186
-1.0625	0.17427
-1.05	0.176427
-1.0375	0.17866
-1.025	0.180969
-1.0125	0.183357
-1	0.185826
-0.9875	0.188378
-0.975	0.191015
-0.9625	0.193739
-0.95	0.196551
-0.9375	0.199456
-0.925	0.202454
-0.9125	0.205549
-0.9	0.208743
-0.8875	0.212038
-0.875	0.215437
-0.8625	0.218943
-0.85	0.222559
-0.8375	0.226289
-0.825	0.230134
-0.8125	0.234098
-0.8	0.238184
-0.7875	0.242396
-0.775	0.246737
-0.7625	0.251211
-0.75	0.255821
-0.7375	0.260571
-0.725	0.265465
-0.7125	0.270508
-0.7	0.275702
-0.6875	0.281052
-0.675	0.286564
-0.6625	0.29224
-0.65	0.298086
-0.6375	0.304107
-0.625	0.310307
-0.6125	0.316691
-0.6	0.323264
-0.5875	0.330033
-0.575	0.337001
-0.5625	0.344175
-0.55	0.35156
-0.5375	0.359163
-0.525	0.366988
-0.5125	0.375043
-0.5	0.383333
-0.4875	0.391865
-0.475	0.400646
-0.4625	0.409682
-0.45	0.41898
-0.4375	0.428548
-0.425	0.438392
-0.4125	0.44852
-0.4	0.45894
-0.3875	0.469658
-0.375	0.480684
-0.3625	0.492025
-0.35	0.503689
-0.3375	0.515685
-0.325	0.528022
-0.3125	0.540707
-0.3	0.553751
-0.2875	0.567161
-0.275	0.580948
-0.2625	0.59512
-0.25	0.609688
-0.2375	0.62466
-0.225	0.640048
-0.2125	0.65586
-0.2	0.672106
-0.1875	0.688798
-0.175	0.705946
-0.1625	0.72356
-0.15	0.741651
-0.1375	0.76023
-0.125	0.779308
-0.1125	0.798895
-0.1	0.819004
-0.0875	0.839644
-0.075	0.860829
-0.0625	0.882569
-0.05	0.904875
-0.0375	0.92776
-0.025	0.951234
-0.0125	0.975311
-3.34351e-14	1
0.0125	1.02531
0.025	1.05127
0.0375	1.07787
0.05	1.10512
0.0625	1.13306
0.075	1.16167
0.0875	1.19098
0.1	1.221
0.1125	1.25173
0.125	1.28319
0.1375	1.31539
0.15	1.34834
0.1625	1.38206
0.175	1.41654
0.1875	1.4518
0.2	1.48786
0.2125	1.52472
0.225	1.56238
0.2375	1.60087
0.25	1.64018
0.2625	1.68033
0.275	1.72132
0.2875	1.76317
0.3	1.80587
0.3125	1.84943
0.325	1.89386
0.3375	1.93917
0.35	1.98535
0.3625	2.03242
0.375	2.08037
0.3875	2.12921
0.4	2.17894
0.4125	2.22955
0.425	2.28106
0.4375	2.33346
0.45	2.38675
0.4625	2.44092
0.475	2.49597
0.4875	2.5519
0.5	2.6087
0.5125	2.66636
0.525	2.72488
0.5375	2.78425
0.55	2.84446
0.5625	2.9055
0.575	2.96735
0.5875	3.03
0.6	3.09344
0.6125	3.15765
0.625	3.22262
0.6375	3.28832
0.65	3.35474
0.6625	3.42184
0.675	3.48963
0.6875	3.55806
0.7	3.62711
0.7125	3.69675
0.725	3.76697
0.7375	3.83772
0.75	3.90898
0.7625	3.98072
0.775	4.0529
0.7875	4.12548
0.8	4.19844
0.8125	4.27172
0.825	4.3453
0.8375	4.41914
0.85	4.49318
0.8625	4.56739
0.875	4.64173
0.8875	4.71614
0.9	4.79059
0.9125	4.86502
0.925	4.93939
0.9375	5.01364
0.95	5.08773
0.9625	5.16159
0.975	5.23519
0.9875	5.30847
1	5.38136
1.0125	5.45383
1.025	5.5258
1.0375	5.59723
1.05	5.66806
1.0625	5.73822
1.075	5.80767
1.0875	5.87635
1.1	5.94419
1.1125	6.01114
1.125	6.07715
1.1375	6.14214
1.15	6.20607
1.1625	6.26888
1.175	6.3305
1.1875	6.39089
1.2	6.44999
1.2125	6.50773
1.225	6.56408
1.2375	6.61896
1.25	6.67233
1.2625	6.72414
1.275	6.77433
1.2875	6.82286
1.3	6.86967
1.3125	6.91472
1.325	6.95797
1.3375	6.99936
1.35	7.03886
1.3625	7.07643
1.375	7.11202
1.3875	7.1456
1.4	7.17713
1.4125	7.20658
1.425	7.23392
1.4375	7.25912
1.45	7.28215
1.4625	7.30299
1.475	7.32161
1.4875	7.338
1.5	7.35213
1.5125	7.36399
1.525	7.37358
1.5375	7.38087
1.55	7.38586
1.5625	7.38855
1.575	7.38893
1.5875	7.38699
1.6	7.38276
1.6125	7.37622
1.625	7.36738
1.6375	7.35626
1.65	7.34287
1.6625	7.32722
1.675	7.30933
1.6875	7.28921
1.7	7.2669
1.7125	7.24241
1.725	7.21577
1.7375	7.187
1.75	7.15615
1.7625	7.12324
1.775	7.0883
1.7875	7.05138
1.8	7.01251
1.8125	6.97173
1.825	6.92908
1.8375	6.88462
1.85	6.83838
1.8625	6.79041
1.875	6.74075
1.8875	6.68947
1.9	6.6366
1.9125	6.58221
1.925	6.52634
1.9375	6.46905
1.95	6.41039
1.9625	6.35041
1.975	6.28919
1.9875	6.22676
2	6.16319
2.0125	6.09854
2.025	6.03286
2.0375	5.96621
2.05	5.89866
2.0625	5.83025
2.075	5.76105
2.0875	5.69111
2.1	5.62049
2.1125	5.54925
2.125	5.47745
2.1375	5.40514
2.15	5.33238
2.1625	5.25922
2.175	5.18572
2.1875	5.11194
2.2	5.03792
2.2125	4.96371
2.225	4.88938
2.2375	4.81496
2.25	4.74052
2.2625	4.66609
2.275	4.59172
2.2875	4.51746
2.3	4.44336
2.3125	4.36945
2.325	4.29578
2.3375	4.2224
2.35	4.14933
2.3625	4.07662
2.375	4.00431
2.3875	3.93242
2.4	3.861
2.4125	3.79008
2.425	3.71968
2.4375	3.64985
2.45	3.5806
2.4625	3.51196
2.475	3.44396
2.4875	3.37663
2.5	3.30999
2.5125	3.24405
2.525	3.17884
2.5375	3.11438
2.55	3.05069
2.5625	2.98778
2.575	2.92566
2.5875	2.86436
2.6	2.80388
2.6125	2.74423
2.625	2.68543
2.6375	2.62748
2.65	2.5704
2.6625	2.51418
2.675	2.45884
2.6875	2.40439
2.7	2.35081
2.7125	2.29812
2.725	2.24632
2.7375	2.19541
2.75	2.14539
2.7625	2.09626
2.775	2.04802
2.7875	2.00066
2.8	1.95419
2.8125	1.9086
2.825	1.86388
2.8375	1.82003
2.85	1.77705
2.8625	1.73493
2.875	1.69366
2.8875	1.65324
2.9	1.61365
2.9125	1.57489
2.925	1.53696
2.9375	1.49984
2.95	1.46352
2.9625	1.428
2.975	1.39326
2.9875	1.3593
3	1.3261
3.0125	1.29365
3.025	1.26195
3.0375	1.23098
3.05	1.20073
3.0625	1.17119
3.075	1.14235
3.0875	1.1142
3.1	1.08672
3.1125	1.0599
3.125	1.03374
3.1375	1.00822
3.15	0.983326
3.1625	0.95905
3.175	0.93538
3.1875	0.912304
3.2	0.889809
3.2125	0.867885
3.225	0.84652
3.2375	0.825702
3.25	0.805421
3.2625	0.785664
3.275	0.766421
3.2875	0.74768
3.3	0.72943
3.3125	0.711661
3.325	0.694362
3.3375	0.677522
3.35	0.661131
3.3625	0.645177
3.375	0.629652
3.3875	0.614545
3.4	0.599846
3.4125	0.585545
3.425	0.571633
3.4375	0.558101
3.45	0.544938
3.4625	0.532136
3.475	0.519687
3.4875	0.50758
3.5	0.495808
3.5125	0.484362
3.525	0.473234
3.5375	0.462416
3.55	0.451899
3.5625	0.441677
3.575	0.43174
3.5875	0.422083
3.6	0.412697
3.6125	0.403576
3.625	0.394713
3.6375	0.3861
3.65	0.377731
3.6625	0.3696
3.675	0.3617
3.6875	0.354025
3.7	0.346569
3.7125	0.339327
3.725	0.332292
3.7375	0.325459
3.75	0.318822
3.7625	0.312376
3.775	0.306117
3.7875	0.300038
3.8	0.294135
3.8125	0.288404
3.825	0.282839
3.8375	0.277436
3.85	0.272191
3.8625	0.2671
3.875	0.262158
3.8875	0.257361
3.9	0.252705
3.9125	0.248187
3.925	0.243803
3.9375	0.239549
3.95	0.235422
3.9625	0.231418
3.975	0.227535
3.9875	0.223768
4	0.220115
4.0125	0.216573
4.025	0.213139
4.0375	0.20981
4.05	0.206584
4.0625	0.203457
4.075	0.200427
4.0875	0.197492
4.1	0.19465
4.1125	0.191897
4.125	0.189232
4.1375	0.186653
4.15	0.184157
4.1625	0.181742
4.175	0.179407
4.1875	0.17715
4.2	0.174968
4.2125	0.17286
4.225	0.170825
4.2375	0.16886
4.25	0.166964
4.2625	0.165135
4.275	0.163373
4.2875	0.161675
4.3	0.16004
4.3125	0.158467
4.325	0.156955
4.3375	0.155502
4.35	0.154107
4.3625	0.15277
4.375	0.151489
4.3875	0.150262
4.4	0.14909
4.4125	0.147971
4.425	0.146904
4.4375	0.145889
4.45	0.144924
4.4625	0.144009
4.475	0.143143
4.4875	0.142326
4.5	0.141556
4.5125	0.140833
4.525	0.140158
4.5375	0.139528
4.55	0.138944
4.5625	0.138404
4.575	0.13791
4.5875	0.13746
4.6	0.137054
4.6125	0.136691
4.625	0.136372
4.6375	0.136096
4.65	0.135863
4.6625	0.135672
4.675	0.135525
4.6875	0.135419
4.7	0.135356
4.7125	0.135335
4.725	0.135357
4.7375	0.135421
4.75	0.135527
4.7625	0.135675
4.775	0.135867
4.7875	0.136101
4.8	0.136377
4.8125	0.136697
4.825	0.137061
4.8375	0.137468
4.85	0.137918
4.8625	0.138414
4.875	0.138954
4.8875	0.139539
4.9	0.140169
4.9125	0.140846
4.925	0.141569
4.9375	0.14234
4.95	0.143158
4.9625	0.144025
4.975	0.144941
4.9875	0.145906
5	0.146923
5.0125	0.14799
5.025	0.149111
5.0375	0.150284
5.05	0.151511
5.0625	0.152793
5.075	0.154132
5.0875	0.155527
5.1	0.156981
5.1125	0.158494
5.125	0.160068
5.1375	0.161704
5.15	0.163403
5.1625	0.165167
5.175	0.166997
5.1875	0.168894
5.2	0.17086
5.2125	0.172897
5.225	0.175006
5.2375	0.177189
5.25	0.179448
5.2625	0.181785
5.275	0.1842
5.2875	0.186698
5.3	0.189279
5.3125	0.191945
5.325	0.194699
5.3375	0.197544
5.35	0.20048
5.3625	0.203511
5.375	0.20664
5.3875	0.209868
5.4	0.213199
5.4125	0.216635
5.425	0.220179
5.4375	0.223834
5.45	0.227602
5.4625	0.231488
5.475	0.235494
5.4875	0.239623
5.5	0.24388
5.5125	0.248266
5.525	0.252787
5.5375	0.257445
5.55	0.262244
5.5625	0.267189
5.575	0.272283
5.5875	0.277531
5.6	0.282936
5.6125	0.288504
5.625	0.294239
5.6375	0.300144
5.65	0.306226
5.6625	0.312489
5.675	0.318938
5.6875	0.325578
5.7	0.332415
5.7125	0.339454
5.725	0.3467
5.7375	0.354159
5.75	0.361838
5.7625	0.369742
5.775	0.377877
5.7875	0.38625
5.8	0.394868
5.8125	0.403736
5.825	0.412862
5.8375	0.422252
5.85	0.431914
5.8625	0.441856
5.875	0.452083
5.8875	0.462605
5.9	0.473429
5.9125	0.484563
5.925	0.496014
5.9375	0.507792
5.95	0.519905
5.9625	0.532361
5.975	0.545169
5.9875	0.558338
6	0.571877
6.0125	0.585796
6.025	0.600104
6.0375	0.61481
6.05	0.629924
6.0625	0.645457
6.075	0.661418
6.0875	0.677817
6.1	0.694665
6.1125	0.711973
6.125	0.72975
6.1375	0.748008
6.15	0.766758
6.1625	0.786011
6.175	0.805777
6.1875	0.826068
6.2	0.846895
6.2125	0.86827
6.225	0.890204
6.2375	0.912708
6.25	0.935795
6.2625	0.959476
6.275	0.983763
6.2875	1.00867
6.3	1.0342
6.3125	1.06037
6.325	1.0872
6.3375	1.11469
6.35	1.14286
6.3625	1.17171
6.375	1.20126
6.3875	1.23152
6.4	1.26251
6.4125	1.29422
6.425	1.32668
6.4375	1.35989
6.45	1.39387
6.4625	1.42862
6.475	1.46416
6.4875	1.50049
6.5	1.53763
6.5125	1.57558
6.525	1.61435
6.5375	1.65395
6.55	1.69439
6.5625	1.73567
6.575	1.77781
6.5875	1.82081
6.6	1.86467
6.6125	1.9094
6.625	1.95501
6.6375	2.0015
6.65	2.04887
6.6625	2.09713
6.675	2.14627
6.6875	2.19631
6.7	2.24723
6.7125	2.29905
6.725	2.35175
6.7375	2.40534
6.75	2.45982
6.7625	2.51518
6.775	2.57141
6.7875	2.6285
6.8	2.68647
6.8125	2.74528
6.825	2.80494
6.8375	2.86544
6.85	2.92676
6.8625	2.98889
6.875	3.05181
6.8875	3.11552
6.9	3.17999
6.9125	3.24522
6.925	3.31116
6.9375	3.37782
6.95	3.44517
6.9625	3.51317
6.975	3.58182
6.9875	3.65108
7	3.72093
7.0125	3.79133
7.025	3.86226
7.0375	3.93369
7.05	4.00559
7.0625	4.07791
7.075	4.15062
7.0875	4.2237
7.1	4.29709
7.1125	4.37076
7.125	4.44467
7.1375	4.51878
7.15	4.59304
7.1625	4.66741
7.175	4.74184
7.1875	4.81629
7.2	4.8907
7.2125	4.96503
7.225	5.03923
7.2375	5.11325
7.25	5.18703
7.2625	5.26053
7.275	5.33368
7.2875	5.40643
7.3	5.47873
7.3125	5.55052
7.325	5.62175
7.3375	5.69235
7.35	5.76228
7.3625	5.83147
7.375	5.89986
7.3875	5.96741
7.4	6.03404
7.4125	6.0997
7.425	6.16433
7.4375	6.22788
7.45	6.29028
7.4625	6.35149
7.475	6.41144
7.4875	6.47008
7.5	6.52734
7.5125	6.58319
7.525	6.63756
7.5375	6.69039
7.55	6.74165
7.5625	6.79127
7.575	6.83921
7.5875	6.88542
7.6	6.92986
7.6125	6.97247
7.625	7.01321
7.6375	7.05205
7.65	7.08894
7.6625	7.12384
7.675	7.15671
7.6875	7.18753
7.7	7.21626
7.7125	7.24286
7.725	7.26731
7.7375	7.28959
7.75	7.30967
7.7625	7.32752
7.775	7.34313
7.7875	7.35648
7.8	7.36756
7.8125	7.37635
7.825	7.38285
7.8375	7.38705
7.85	7.38894
7.8625	7.38852
7.875	7.38579
7.8875	7.38076
7.9	7.37343
7.9125	7.3638
7.925	7.3519
7.9375	7.33772
7.95	7.3213
7.9625	7.30264
7.975	7.28176
7.9875	7.25869
8	7.23345
8.0125	7.20608
8.025	7.17659
8.0375	7.14502
8.05	7.1114
8.0625	7.07578
8.075	7.03818
8.0875	6.99864
8.1	6.95722
8.1125	6.91394
8.125	6.86886
8.1375	6.82201
8.15	6.77345
8.1625	6.72323
8.175	6.6714
8.1875	6.618
8.2	6.56309
8.2125	6.50672
8.225	6.44895
8.2375	6.38983
8.25	6.32942
8.2625	6.26777
8.275	6.20494
8.2875	6.141
8.3	6.07598
8.3125	6.00996
8.325	5.943
8.3375	5.87514
8.35	5.80645
8.3625	5.73698
8.375	5.6668
8.3875	5.59597
8.4	5.52453
8.4125	5.45254
8.425	5.38007
8.4375	5.30717
8.45	5.23389
8.4625	5.16028
8.475	5.08641
8.4875	5.01232
8.5	4.93807
8.5125	4.8637
8.525	4.78927
8.5375	4.71482
8.55	4.64041
8.5625	4.56607
8.575	4.49186
8.5875	4.41782
8.6	4.34399
8.6125	4.27042
8.625	4.19714
8.6375	4.12419
8.65	4.05161
8.6625	3.97944
8.675	3.90771
8.6875	3.83646
8.7	3.76572
8.7125	3.69551
8.725	3.62588
8.7375	3.55683
8.75	3.48842
8.7625	3.42065
8.775	3.35355
8.7875	3.28715
8.8	3.22146
8.8125	3.15651
8.825	3.09231
8.8375	3.02888
8.85	2.96625
8.8625	2.90441
8.875	2.84339
8.8875	2.78319
8.9	2.72384
8.9125	2.66533
8.925	2.60768
8.9375	2.5509
8.95	2.49498
8.9625	2.43995
8.975	2.38579
8.9875	2.33252
9	2.28014
9.0125	2.22865
9.025	2.17804
9.0375	2.12833
9.05	2.07951
9.0625	2.03157
9.075	1.98452
9.0875	1.93835
9.1	1.89306
9.1125	1.84865
9.125	1.8051
9.1375	1.76242
9.15	1.72059
9.1625	1.67961
9.175	1.63948
9.1875	1.60018
9.2	1.56171
9.2125	1.52406
9.225	1.48721
9.2375	1.45117
9.25	1.41592
9.2625	1.38145
9.275	1.34775
9.2875	1.31481
9.3	1.28263
9.3125	1.25118
9.325	1.22046
9.3375	1.19045
9.35	1.16116
9.3625	1.13255
9.375	1.10463
9.3875	1.07739
9.4	1.0508
9.4125	1.02486
9.425	0.999556
9.4375	0.974878
9.45	0.950812
9.4625	0.927348
9.475	0.904474
9.4875	0.882178
9.5	0.860448
9.5125	0.839273
9.525	0.818642
9.5375	0.798543
9.55	0.778964
9.5625	0.759896
9.575	0.741326
9.5875	0.723243
9.6	0.705638
9.6125	0.688498
9.625	0.671814
9.6375	0.655575
9.65	0.639771
9.6625	0.624391
9.675	0.609426
9.6875	0.594865
9.7	0.5807
9.7125	0.56692
9.725	0.553516
9.7375	0.540479
9.75	0.5278
9.7625	0.515469
9.775	0.503479
9.7875	0.491821
9.8	0.480485
9.8125	0.469465
9.825	0.458752
9.8375	0.448338
9.85	0.438215
9.8625	0.428376
9.875	0.418813
9.8875	0.409519
9.9	0.400488
9.9125	0.391712
9.925	0.383184
9.9375	0.374898
9.95	0.366847
9.9625	0.359026
9.975	0.351427
9.9875	0.344046
10	0.336875
